0 THOR ABLESTAR DEB
1   121U 61015F   24146.20130869  .00000076  00000-0  10153-3 0  9999
2   121  66.7461 112.9844 0092347 175.6303 184.5609 13.99958270220937
0 INTELSAT 4-F7
1 06796U 73058A   24145.91168318  .00000053  00000-0  00000-0 0  9992
2 06796   8.9810 303.2887 0006978 178.9896 167.2835  0.99142397128170
0 SMS 2
1  7648U 75011A   24146.54324977 -.00000311  00000-0  00000+0 0  9992
2  7648   7.3615 291.5477 0012625 242.6341  39.1695  0.99513923128243
0 ANIK A3 (TELESAT-3)
1 07790U 75038A   24145.58405699  .00000086  00000-0  00000-0 0  9992
2 07790   9.3298 308.6521 0002970 138.6929 236.7435  1.00039536122425
0 MARISAT 3
1 08882U 76053A   24145.51590767 -.00000073  00000-0  00000-0 0  9994
2 08882   9.4733 306.2680 0126845 317.0361  58.9663  0.95899214113937
0 COSMOS 970 DEB
1 10563U 77121E   24145.03218884  .00002953  00000-0  23492-2 0  9994
2 10563  65.8472 112.0001 0110764 317.6301  41.6254 13.89798105332353
0 NATO 3C
1 11115U 78106A   24145.31598081 -.00000181  00000-0  00000-0 0  9993
2 11115  10.5285 320.0606 0001160 324.2071  34.4088  0.98484077647782
0 SL-6 R/B(2)
1 12086U 80095E   24139.89530844  .00000131  00000-0  00000+0 0  9993
2 12086  64.8836 206.1304 6349671  40.5998 352.6050  1.99096293316000
0 ATLAS CENTAUR R/B
1 12363U 81018B   24143.22936912 -.00000100  00000-0 -99355-3 0  9998
2 12363  20.2341 236.6750 7156222 318.9592   5.3106  2.22041863350629
0 OPS 8701
1 13086U 82019A   24145.87988611 -.00000035  00000-0  00000+0 0  9990
2 13086  10.8259 314.8306 0002164 226.8136 296.7137  0.98188752 18250
0 SATCOM C5
1 13631U 82105A   24146.52039663 -.00000103  00000-0  00000+0 0  9995
2 13631  12.9579 337.8101 0005739  85.9461 262.5366  1.00273751118814
0 SL-12 R/B(2)
1 13983U 83028F   24145.65259052  .00000129  00000-0  00000-0 0  9997
2 13983   9.7893 312.0517 0026610 198.9759 182.3272  1.00045746150271
0 SL-12 R/B(2)
1 14005U 79062D   24145.64919663 -.00000100  00000-0  00000-0 0  9996
2 14005   9.0915 299.8171 0004437 223.5576 151.9091  0.97671843114435
0 INTELSAT 507
1 14421U 83105A   24145.75709258 -.00000162  00000-0  00000-0 0  9998
2 14421  12.8815 336.3636 0007172 105.2147 241.8371  0.99701997129713
0 SL-6 R/B(2)
1 15355U 84107D   24146.45387108  .00000384  00000-0  00000+0 0  9996
2 15355  63.0832 209.4068 6841577  40.8482 354.1224  2.03346004294408
0 ARABSAT 1D (ANIK D2)
1 15383U 84113B   24146.18827093 -.00000040  00000-0  00000+0 0  9996
2 15383  14.1420 346.9530 0024546  17.0359 336.7762  0.98907225107385
0 SL-12 R/B(2)
1 15963U 85070F   24145.65337372 -.00000066  00000-0  00000-0 0  9999
2 15963  12.0354 326.0898 0013396 160.7830 210.9153  0.97803792112217
0 COSMOS 1691 DEB
1 18565U 85094U   24145.59726292  .00004520  00000-0  63851-2 0  9995
2 18565  82.4866 351.6487 0144088 354.4954  60.8600 13.52476040805896
0 SL-12 R/B(2)
1 18578U 87096D   24145.88606471 -.00000272  00000-0  00000+0 0  9996
2 18578  11.8750 331.3010 0022072 220.8155 319.6386  1.00565999130521
0 SL-12 R/B(2)
1 18718U 87109D   24145.75348404  .00000089  00000-0  00000-0 0  9998
2 18718  11.9254 331.8495 0064114 258.9166 286.8445  1.00828192124460
0 THORAD AGENA D DEB
1 19290U 70025PV  24146.29750009  .00000568  00000-0  84280-3 0  9998
2 19290  99.8275  82.8204 0026656 319.7023 193.7820 13.58310211936291
0 GSTAR 3
1 19483U 88081A   24146.51903986 -.00000094  00000-0  00000+0 0  9991
2 19483  12.3646 324.3946 0008551 174.9753 185.7171  1.00272576127072
0 SUPERBIRD A
1 20040U 89041A   24146.28793329 -.00000127  00000-0  00000+0 0  9998
2 20040  13.0492 337.5784 0006824  97.3454  83.3164  0.99756460126938
0 METEOSAT 5 AKM
1 21904U 91015E   24144.59753860 -.00000067  00000-0  00000-0 0  9994
2 21904  12.9285 343.3742 0155053 215.8889 143.0039  1.00118332108818
0 SL-12 R/B(2)
1 21925U 92017D   24145.69044536 -.00000017  00000-0  00000-0 0  9990
2 21925  13.6389 346.1892 0021834  58.1073 133.2073  1.01091823117694
0 SL-12 R/B(2)
1 22248U 92082D   24145.58814705 -.00000027  00000-0  00000-0 0  9993
2 22248  15.0434 352.5833 0011383  98.0688 255.1406  0.98022039112731
0 HIMAWARI 3 AKM
1 22266U 84080E   24145.71545515 -.00000108  00000-0  00000-0 0  9997
2 22266  10.8596 321.2891 0136880  94.8013 257.2951  0.99756913109961
0 MOLNIYA 1-86
1 22671U 93035A   24146.08274747  .00000982  00000-0  80102-3 0  9997
2 22671  63.0190 184.3914 4890632  18.3633 354.5194  5.63288268392086
0 TITAN 4 CENTAUR R/B
1 23247U 94054B   24144.89712125 -.00000299  00000-0  00000-0 0  9991
2 23247  12.3381 358.5499 0113325 337.4571  22.0086  0.99590604 18016
0 HIMAWARI 5 AKM
1 23524U 95011D   24145.62225993 -.00000168  00000-0  00000-0 0  9992
2 23524  13.9082 353.8772 0218388 356.2384 179.7134  1.01260716 39454
0 DELTA 2 R/B(2)
1 23641U 95041C   24144.38590413 -.00000109  00000-0  00000-0 0  9994
2 23641  20.7594 331.7401 6429365 247.5793  34.3652  2.70400033284620
0 YAMAL 101
1 25896U 99047A   24145.26800956  .00000073  00000-0  00000-0 0  9991
2 25896  14.4933   5.1452 0088037  46.3606 125.8612  0.99869166 90271
0 FENGYUN 1C DEB
1 33674U 99025DFK 24145.23592396  .00002728  00000-0  25348-2 0  9996
2 33674  98.6233 243.1989 0214538 323.3750  35.2895 13.73144234805645
0 COSMOS 2251 DEB
1 34814U 93036ABD 24145.85584120  .00003666  00000-0  13477-2 0  9995
2 34814  73.8974 293.0996 0057971 297.9897 215.1213 14.32102453792028
0 CZ-3B DEB
1 40165U 10042S   24145.11609997 -.00000001  00000-0 -45768-2 0  9996
2 40165  28.2826 317.3552 7367026 213.0990  67.5846  1.92843534 89313
0 H-2A R/B
1 41037U 15068B   24145.73312954 -.00000097  00000-0  00000+0 0  9991
2 41037  19.2405 242.3018 6446363 340.0366   3.4740  2.12565172 66014
0 ATLAS 5 CENTAUR DEB
1 43971U 14055AA  24145.47561781 -.00000050  00000-0  00000+0 0  9999
2 43971  20.2193 228.9563 4676798  20.3962 353.4199  1.85583737 38773
0 ATLAS 5 CENTAUR DEB
1 43986U 14055AR  24143.54696775 -.00000060  00000-0  00000-0 0  9995
2 43986  20.0832 224.5199 4814637  26.6996 351.6379  1.84559489 38165
0 ATLAS 5 CENTAUR DEB
1 43987U 14055AS  24145.29896741 -.00000044  00000-0  00000-0 0  9997
2 43987  19.9668 221.9862 4857469  28.7872 351.1010  1.83977705 38514
0 FREGAT DEB
1 45649U 11037AR  24146.54411414  .00020380  00000-0  32551-1 0  9991
2 45649  51.4685 229.6672 1136590 335.0708  19.9091 12.04378652167612
0 ATLAS 5 CENTAUR DEB
1 46642U 14055CS  24138.41928360 -.00000141  00000-0  00000-0 0  9995
2 46642  19.9935 233.8823 4463940   7.4640 357.4246  1.83096473 24132
0 FALCON 9 R/B
1 54226U 22146B   24145.14878978 -.00000139  00000-0 -43078-3 0  9992
2 54226  25.4597 209.6937 7996180   1.1170   0.2971  1.31049402  7458
0 COSMOS 1859
1 18120U 87051H   24146.56122587 -.00000016  00000-0 -21492-5 0  9998
2 18120  74.0037 317.0003 0056775  76.2120 356.3177 12.57935646696604
0 TIANHUI 1-03 DEB
1 41023U 15061B   24126.01009347  .02924571  12948-1  48679-2 0  9993
2 41023  97.2759  36.2033 0019878 209.8794 150.1355 16.05845536461587
0 GEESAT 5
1 52789U 22058E   24146.56317527  .00005835  00000-0  63469-3 0  9993
2 52789  49.9867 135.2216 0005771 118.5781 241.5741 14.89201866107565
0 STARLINK-2248
1 48591U 21041AQ  24143.49336044  .27883185  12239-4  35256-2 0  9998
2 48591  53.0417 171.6146 0001602 291.4886 225.7438 16.35213490167056
0 CZ-5 R/B
1 58583U 23197B   24146.48412809  .00001001  00000-0  78267-3 0  9999
2 58583  18.7424 242.0764 7147984 303.0880   7.8696  2.40656601  3890
0 STARLINK-31836
1 59724U 24088S   24146.16667824 -.01748182  00000-0 -14482-1 0  9999
2 59724  53.1623 310.2559 0000860  61.3491  67.9008 15.72674135  3433
0 THORAD DELTA 1 DEB
1  8786U 74089DN  24146.55914610  .00000096  00000-0  99533-3 0  9992
2  8786 101.9309 244.6049 0051660 334.2594  39.5348 12.44274597246875
0 SL-18 DEB
1 22599U 93014E   24146.40009990  .00004640  00000-0  11459-2 0  9998
2 22599  75.7527 143.1552 0143172 305.4343  53.3525 14.46197866630625
0 YAOGAN-30 K
1 43170U 18011B   24146.39618209  .00004649  00000-0  41773-3 0  9999
2 43170  34.9974  36.3597 0006510 244.1085 115.8950 14.95138414345160
0 GALILEO 26 (2C2)
1 43565U 18060B   24144.93524163 -.00000068  00000-0  00000-0 0  9991
2 43565  57.3068   2.1219 0001258 259.8012 100.2391  1.70475412 36356
0 STARLINK-2575
1 48396U 21038AV  24146.10914911  .00019267  00000-0  13108-2 0  9997
2 48396  53.0547  35.6566 0001486  91.1549 268.9610 15.06344478169386
0 OBJECT B
1 53347U 22090B   24146.48943540  .01506415  14397-2  22407-2 0  9994
2 53347  97.3953 237.7620 0010630 259.5712 100.4371 16.05107127101488
0 KOREASAT 1
1 23639U 95041A   24145.85691215 -.00000213  00000-0  00000-0 0  9992
2 23639  14.6286   4.2611 0001338  96.4770 253.4300  0.99675814105017
0 DELTA 1 DEB
1 42573U 73086HM  24142.82805767  .00000220  00000-0  18351-2 0  9995
2 42573 101.9055 242.2219 0035074 344.2665 140.2907 12.45954872477182
0 ICEYE-X7
1 46496U 20068L   24146.50590986  .00011541  00000-0  74339-3 0  9995
2 46496  97.6744  85.1503 0013997  62.3405 297.9242 15.08424826200411
0 ONEWEB-0272
1 48990U 21060Z   24146.36713936 -.00004493  00000-0 -11793-1 0  9998
2 48990  87.9132  18.6544 0001128  94.2774 265.8486 13.16585389141852
